36 3 0
36 4 0
36 5 0
36 6 0
36 7 0
36 8 0
36 9 0
36 10 0
36 11 0
36 12 0
36 13 0
37 3 0
37 4 0
37 5 0
37 6 0
37 7 0
37 8 0
37 9 1
37 10 0
37 11 0
37 12 0
37 13 0
38 3 0
38 4 0
38 5 0
38 6 0
38 7 0
38 8 0
38 9 1
38 10 1
38 11 0
38 12 0
38 13 0
39 3 0
39 4 0
39 5 0
39 6 0
39 7 0
39 8 0
39 9 1
39 10 1
39 11 1
39 12 0
39 13 0
40 3 0
40 4 0
40 5 0
40 6 0
40 7 0
40 8 0
40 9 1
40 10 1
40 11 1
40 12 1
40 13 0
41 3 0
41 4 0
41 5 0
41 6 0
41 7 0
41 8 0
41 9 1
41 10 1
41 11 1
41 12 1
41 13 1
42 3 0
42 4 0
42 5 0
42 6 0
42 7 0
42 8 0
42 9 1
42 10 1
42 11 1
42 12 1
42 13 1
43 3 0
43 4 0
43 5 0
43 6 0
43 7 0
43 8 0
43 9 1
43 10 1
43 11 1
43 12 1
43 13 1
44 3 0
44 4 0
44 5 0
44 6 0
44 7 0
44 8 0
44 9 1
44 10 1
44 11 1
44 12 1
44 13 1
45 3 0
45 4 0
45 5 0
45 6 0
45 7 0
45 8 0
45 9 2
45 10 1
45 11 1
45 12 1
45 13 1
46 3 0
46 4 0
46 5 0
46 6 0
46 7 0
46 8 0
46 9 2
46 10 1
46 11 1
46 12 1
46 13 1
47 3 0
47 4 0
47 5 0
47 6 0
47 7 0
47 8 0
47 9 2
47 10 1
47 11 1
47 12 1
47 13 1
48 3 0
48 4 0
48 5 0
48 6 0
48 7 0
48 8 0
48 9 2
48 10 1
48 11 1
48 12 1
48 13 1
49 3 0
49 4 0
49 5 0
49 6 0
49 7 0
49 8 0
49 9 2
49 10 2
49 11 1
49 12 1
49 13 1
50 3 0
50 4 0
50 5 0
50 6 0
50 7 0
50 8 0
50 9 2
50 10 2
50 11 1
50 12 1
50 13 1
51 3 0
51 4 0
51 5 0
51 6 0
51 7 0
51 8 0
51 9 2
51 10 2
51 11 1
51 12 1
51 13 1
52 3 0
52 4 0
52 5 0
52 6 0
52 7 0
52 8 0
52 9 2
52 10 2
52 11 1
52 12 1
52 13 1
53 3 0
53 4 0
53 5 0
53 6 0
53 7 0
53 8 0
53 9 2
53 10 2
53 11 2
53 12 1
53 13 1
54 3 0
54 4 0
54 5 0
54 6 0
54 7 0
54 8 0
54 9 2
54 10 2
54 11 2
54 12 1
54 13 1
55 3 0
55 4 0
55 5 0
55 6 0
55 7 0
55 8 0
55 9 2
55 10 2
55 11 2
55 12 1
55 13 1
56 3 0
56 4 0
56 5 0
56 6 0
56 7 0
56 8 0
56 9 2
56 10 2
56 11 2
56 12 1
56 13 1
57 3 0
57 4 0
57 5 0
57 6 0
57 7 0
57 8 0
57 9 2
57 10 2
57 11 2
57 12 2
57 13 1
58 3 0
58 4 0
58 5 0
58 6 0
58 7 0
58 8 0
58 9 2
58 10 2
58 11 2
58 12 2
58 13 1
59 3 0
59 4 0
59 5 0
59 6 0
59 7 0
59 8 0
59 9 2
59 10 2
59 11 2
59 12 2
59 13 1
60 3 0
60 4 0
60 5 0
60 6 0
60 7 0
60 8 0
60 9 2
60 10 2
60 11 2
60 12 2
60 13 1
61 3 0
61 4 0
61 5 0
61 6 0
61 7 0
61 8 0
61 9 2
61 10 2
61 11 2
61 12 2
61 13 2
62 3 0
62 4 0
62 5 0
62 6 0
62 7 0
62 8 0
62 9 2
62 10 2
62 11 2
62 12 2
62 13 2
63 3 0
63 4 0
63 5 0
63 6 0
63 7 0
63 8 0
63 9 2
63 10 2
63 11 2
63 12 2
63 13 2
64 3 0
64 4 0
64 5 0
64 6 0
64 7 0
64 8 0
64 9 2
64 10 2
64 11 2
64 12 2
64 13 2
65 3 0
65 4 0
65 5 0
65 6 0
65 7 0
65 8 0
65 9 2
65 10 2
65 11 2
65 12 2
65 13 2
66 3 0
66 4 0
66 5 0
66 6 0
66 7 0
66 8 0
66 9 2
66 10 2
66 11 2
66 12 2
66 13 2
67 3 0
67 4 0
67 5 0
67 6 0
67 7 0
67 8 0
67 9 2
67 10 2
67 11 2
67 12 2
67 13 2
68 3 0
68 4 0
68 5 0
68 6 0
68 7 0
68 8 0
68 9 2
68 10 2
68 11 2
68 12 2
68 13 2
69 3 0
69 4 0
69 5 0
69 6 0
69 7 0
69 8 0
69 9 3
69 10 2
69 11 2
69 12 2
69 13 2
70 3 0
70 4 0
70 5 0
70 6 0
70 7 0
70 8 0
70 9 3
70 10 2
70 11 2
70 12 2
70 13 2
71 3 0
71 4 0
71 5 0
71 6 0
71 7 0
71 8 0
71 9 3
71 10 2
71 11 2
71 12 2
71 13 2
72 3 0
72 4 0
72 5 0
72 6 0
72 7 0
72 8 0
72 9 3
72 10 2
72 11 2
72 12 2
72 13 2
73 3 0
73 4 0
73 5 0
73 6 0
73 7 0
73 8 0
73 9 3
73 10 2
73 11 2
73 12 2
73 13 2
74 3 0
74 4 0
74 5 0
74 6 0
74 7 0
74 8 0
74 9 3
74 10 2
74 11 2
74 12 2
74 13 2
75 3 0
75 4 0
75 5 0
75 6 0
75 7 0
75 8 0
75 9 3
75 10 2
75 11 2
75 12 2
75 13 2
76 3 0
76 4 0
76 5 0
76 6 0
76 7 0
76 8 0
76 9 3
76 10 2
76 11 2
76 12 2
76 13 2
77 3 0
77 4 0
77 5 0
77 6 0
77 7 0
77 8 0
77 9 3
77 10 3
77 11 2
77 12 2
77 13 2
78 3 0
78 4 0
78 5 0
78 6 0
78 7 0
78 8 0
78 9 3
78 10 3
78 11 2
78 12 2
78 13 2
79 3 0
79 4 0
79 5 0
79 6 0
79 7 0
79 8 0
79 9 3
79 10 3
79 11 2
79 12 2
79 13 2
80 3 0
80 4 0
80 5 0
80 6 0
80 7 0
80 8 0
80 9 3
80 10 3
80 11 2
80 12 2
80 13 2
81 3 0
81 4 0
81 5 0
81 6 0
81 7 0
81 8 0
81 9 3
81 10 3
81 11 2
81 12 2
81 13 2
82 3 0
82 4 0
82 5 0
82 6 0
82 7 0
82 8 0
82 9 3
82 10 3
82 11 2
82 12 2
82 13 2
83 3 0
83 4 0
83 5 0
83 6 0
83 7 0
83 8 0
83 9 3
83 10 3
83 11 2
83 12 2
83 13 2
84 3 0
84 4 0
84 5 0
84 6 0
84 7 0
84 8 0
84 9 3
84 10 3
84 11 2
84 12 2
84 13 2
85 3 0
85 4 0
85 5 0
85 6 0
85 7 0
85 8 0
85 9 3
85 10 3
85 11 3
85 12 2
85 13 2
86 3 0
86 4 0
86 5 0
86 6 0
86 7 0
86 8 0
86 9 3
86 10 3
86 11 3
86 12 2
86 13 2
87 3 0
87 4 0
87 5 0
87 6 0
87 7 0
87 8 0
87 9 3
87 10 3
87 11 3
87 12 2
87 13 2
88 3 0
88 4 0
88 5 0
88 6 0
88 7 0
88 8 0
88 9 0
88 10 0
88 11 0
88 12 2
88 13 0
89 3 0
89 4 0
89 5 0
89 6 0
89 7 0
89 8 0
89 9 0
89 10 0
89 11 0
89 12 2
89 13 0
90 3 0
90 4 0
90 5 0
90 6 0
90 7 0
90 8 0
90 9 0
90 10 0
90 11 0
90 12 2
90 13 0
91 3 0
91 4 0
91 5 0
91 6 0
91 7 0
91 8 0
91 9 0
91 10 0
91 11 0
91 12 2
91 13 0
92 3 0
92 4 0
92 5 0
92 6 0
92 7 0
92 8 0
92 9 0
92 10 0
92 11 0
92 12 2
92 13 0
93 3 0
93 4 0
93 5 0
93 6 0
93 7 0
93 8 0
93 9 0
93 10 0
93 11 0
93 12 3
93 13 0
94 3 0
94 4 0
94 5 0
94 6 0
94 7 0
94 8 0
94 9 0
94 10 0
94 11 0
94 12 3
94 13 1
95 3 0
95 4 0
95 5 0
95 6 0
95 7 0
95 8 0
95 9 1
95 10 0
95 11 0
95 12 3
95 13 1
96 3 0
96 4 0
96 5 0
96 6 0
96 7 0
96 8 0
96 9 1
96 10 1
96 11 0
96 12 3
96 13 1
97 3 0
97 4 0
97 5 0
97 6 0
97 7 0
97 8 0
97 9 1
97 10 1
97 11 1
97 12 3
97 13 1
98 3 0
98 4 0
98 5 0
98 6 0
98 7 0
98 8 0
98 9 1
98 10 1
98 11 1
98 12 3
98 13 1
99 3 0
99 4 0
99 5 0
99 6 0
99 7 0
99 8 0
99 9 1
99 10 1
99 11 1
99 12 3
99 13 1
100 3 0
100 4 0
100 5 0
100 6 0
100 7 0
100 8 0
100 9 1
100 10 1
100 11 1
100 12 3
100 13 1
101 3 0
101 4 0
101 5 0
101 6 0
101 7 0
101 8 0
101 9 1
101 10 1
101 11 1
101 12 3
101 13 2
102 3 0
102 4 0
102 5 0
102 6 0
102 7 0
102 8 0
102 9 1
102 10 1
102 11 1
102 12 3
102 13 2
103 3 0
103 4 0
103 5 0
103 6 0
103 7 0
103 8 0
103 9 1
103 10 1
103 11 1
103 12 3
103 13 2
104 3 0
104 4 0
104 5 0
104 6 0
104 7 0
104 8 0
104 9 1
104 10 1
104 11 1
104 12 3
104 13 2
105 3 0
105 4 0
105 5 0
105 6 0
105 7 0
105 8 0
105 9 2
105 10 1
105 11 1
105 12 3
105 13 2
106 3 0
106 4 0
106 5 0
106 6 0
106 7 0
106 8 0
106 9 2
106 10 1
106 11 1
106 12 3
106 13 2
107 3 0
107 4 0
107 5 0
107 6 0
107 7 0
107 8 0
107 9 2
107 10 1
107 11 1
107 12 3
107 13 2
108 3 0
108 4 0
108 5 0
108 6 0
108 7 0
108 8 0
108 9 2
108 10 1
108 11 1
108 12 3
108 13 2
109 3 0
109 4 0
109 5 0
109 6 0
109 7 0
109 8 0
109 9 2
109 10 2
109 11 1
109 12 3
109 13 2
110 3 0
110 4 0
110 5 0
110 6 0
110 7 0
110 8 0
110 9 2
110 10 2
110 11 1
110 12 3
110 13 2
111 3 0
111 4 0
111 5 0
111 6 0
111 7 0
111 8 0
111 9 2
111 10 2
111 11 1
111 12 3
111 13 2
112 3 0
112 4 0
112 5 0
112 6 0
112 7 0
112 8 0
112 9 2
112 10 2
112 11 1
112 12 3
112 13 2
113 3 0
113 4 0
113 5 0
113 6 0
113 7 0
113 8 0
113 9 2
113 10 2
113 11 2
113 12 3
113 13 2
114 3 0
114 4 0
114 5 0
114 6 0
114 7 0
114 8 0
114 9 2
114 10 2
114 11 2
114 12 3
114 13 2
115 3 0
115 4 0
115 5 0
115 6 0
115 7 0
115 8 0
115 9 2
115 10 2
115 11 2
115 12 3
115 13 2
116 3 0
116 4 0
116 5 0
116 6 0
116 7 0
116 8 0
116 9 2
116 10 2
116 11 2
116 12 3
116 13 2
117 3 0
117 4 0
117 5 0
117 6 0
117 7 0
117 8 0
117 9 2
117 10 2
117 11 2
117 12 3
117 13 2
118 3 0
118 4 0
118 5 0
118 6 0
118 7 0
118 8 0
118 9 2
118 10 2
118 11 2
118 12 3
118 13 2
119 3 0
119 4 0
119 5 0
119 6 0
119 7 0
119 8 0
119 9 2
119 10 2
119 11 2
119 12 3
119 13 2
120 3 0
120 4 0
120 5 0
120 6 0
120 7 0
120 8 0
120 9 2
120 10 2
120 11 2
120 12 3
120 13 2
121 3 0
121 4 0
121 5 0
121 6 0
121 7 0
121 8 0
121 9 2
121 10 2
121 11 2
121 12 3
121 13 3
122 3 0
122 4 0
122 5 0
122 6 0
122 7 0
122 8 0
122 9 2
122 10 2
122 11 2
122 12 3
122 13 3
123 3 0
123 4 0
123 5 0
123 6 0
123 7 0
123 8 0
123 9 2
123 10 2
123 11 2
123 12 3
123 13 3
124 3 0
124 4 0
124 5 0
124 6 0
124 7 0
124 8 0
124 9 2
124 10 2
124 11 2
124 12 3
124 13 3
125 3 0
125 4 0
125 5 0
125 6 0
125 7 0
125 8 0
125 9 2
125 10 2
125 11 2
125 12 3
125 13 3
126 3 0
126 4 0
126 5 0
126 6 0
126 7 0
126 8 0
126 9 2
126 10 2
126 11 2
126 12 3
126 13 3
127 3 0
127 4 0
127 5 0
127 6 0
127 7 0
127 8 0
127 9 2
127 10 2
127 11 2
127 12 3
127 13 3
128 3 0
128 4 0
128 5 0
128 6 0
128 7 0
128 8 0
128 9 2
128 10 2
128 11 2
128 12 3
128 13 3
129 3 0
129 4 0
129 5 0
129 6 0
129 7 0
129 8 0
129 9 3
129 10 2
129 11 2
129 12 3
129 13 3
130 3 0
130 4 0
130 5 0
130 6 0
130 7 0
130 8 0
130 9 3
130 10 2
130 11 2
130 12 3
130 13 3
131 3 0
131 4 0
131 5 0
131 6 0
131 7 0
131 8 0
131 9 3
131 10 2
131 11 2
131 12 3
131 13 3
132 3 0
132 4 0
132 5 0
132 6 0
132 7 0
132 8 0
132 9 3
132 10 2
132 11 2
132 12 3
132 13 3
133 3 0
133 4 0
133 5 0
133 6 0
133 7 0
133 8 0
133 9 3
133 10 2
133 11 2
133 12 3
133 13 3
134 3 0
134 4 0
134 5 0
134 6 0
134 7 0
134 8 0
134 9 3
134 10 2
134 11 2
134 12 3
134 13 3
135 3 0
135 4 0
135 5 0
135 6 0
135 7 0
135 8 0
135 9 3
135 10 2
135 11 2
135 12 3
135 13 3
136 3 0
136 4 0
136 5 0
136 6 0
136 7 0
136 8 0
136 9 3
136 10 2
136 11 2
136 12 3
136 13 3
137 3 0
137 4 0
137 5 0
137 6 0
137 7 0
137 8 0
137 9 0
137 10 0
137 11 2
137 12 0
137 13 0
138 3 0
138 4 0
138 5 0
138 6 0
138 7 0
138 8 0
138 9 0
138 10 0
138 11 2
138 12 0
138 13 0
139 3 0
139 4 0
139 5 0
139 6 0
139 7 0
139 8 0
139 9 0
139 10 0
139 11 2
139 12 0
139 13 0
140 3 0
140 4 0
140 5 0
140 6 0
140 7 0
140 8 0
140 9 0
140 10 0
140 11 2
140 12 0
140 13 0
141 3 0
141 4 0
141 5 0
141 6 0
141 7 0
141 8 0
141 9 0
141 10 0
141 11 2
141 12 0
141 13 0
142 3 0
142 4 0
142 5 0
142 6 0
142 7 0
142 8 0
142 9 0
142 10 0
142 11 2
142 12 0
142 13 0
143 3 0
143 4 0
143 5 0
143 6 0
143 7 0
143 8 0
143 9 0
143 10 0
143 11 2
143 12 0
143 13 0
144 3 0
144 4 0
144 5 0
144 6 0
144 7 0
144 8 0
144 9 0
144 10 0
144 11 2
144 12 0
144 13 0
145 3 0
145 4 0
145 5 0
145 6 0
145 7 0
145 8 0
145 9 0
145 10 0
145 11 3
145 12 0
145 13 0
146 3 0
146 4 0
146 5 0
146 6 0
146 7 0
146 8 0
146 9 0
146 10 0
146 11 3
146 12 1
146 13 0
147 3 0
147 4 0
147 5 0
147 6 0
147 7 0
147 8 0
147 9 0
147 10 0
147 11 3
147 12 1
147 13 1
148 3 0
148 4 0
148 5 0
148 6 0
148 7 0
148 8 0
148 9 1
148 10 0
148 11 3
148 12 1
148 13 1
149 3 0
149 4 0
149 5 0
149 6 0
149 7 0
149 8 0
149 9 1
149 10 1
149 11 3
149 12 1
149 13 1
150 3 0
150 4 0
150 5 0
150 6 0
150 7 0
150 8 0
150 9 1
150 10 1
150 11 3
150 12 1
150 13 1
151 3 0
151 4 0
151 5 0
151 6 0
151 7 0
151 8 0
151 9 1
151 10 1
151 11 3
151 12 1
151 13 1
152 3 0
152 4 0
152 5 0
152 6 0
152 7 0
152 8 0
152 9 1
152 10 1
152 11 3
152 12 1
152 13 1
153 3 0
153 4 0
153 5 0
153 6 0
153 7 0
153 8 0
153 9 1
153 10 1
153 11 3
153 12 2
153 13 1
154 3 0
154 4 0
154 5 0
154 6 0
154 7 0
154 8 0
154 9 1
154 10 1
154 11 3
154 12 2
154 13 1
155 3 0
155 4 0
155 5 0
155 6 0
155 7 0
155 8 0
155 9 1
155 10 1
155 11 3
155 12 2
155 13 1
156 3 0
156 4 0
156 5 0
156 6 0
156 7 0
156 8 0
156 9 1
156 10 1
156 11 3
156 12 2
156 13 1
157 3 0
157 4 0
157 5 0
157 6 0
157 7 0
157 8 0
157 9 1
157 10 1
157 11 3
157 12 2
157 13 2
158 3 0
158 4 0
158 5 0
158 6 0
158 7 0
158 8 0
158 9 1
158 10 1
158 11 3
158 12 2
158 13 2
159 3 0
159 4 0
159 5 0
159 6 0
159 7 0
159 8 0
159 9 1
159 10 1
159 11 3
159 12 2
159 13 2
160 3 0
160 4 0
160 5 0
160 6 0
160 7 0
160 8 0
160 9 1
160 10 1
160 11 3
160 12 2
160 13 2
161 3 0
161 4 0
161 5 0
161 6 0
161 7 0
161 8 0
161 9 2
161 10 1
161 11 3
161 12 2
161 13 2
162 3 0
162 4 0
162 5 0
162 6 0
162 7 0
162 8 0
162 9 2
162 10 1
162 11 3
162 12 2
162 13 2
163 3 0
163 4 0
163 5 0
163 6 0
163 7 0
163 8 0
163 9 2
163 10 1
163 11 3
163 12 2
163 13 2
164 3 0
164 4 0
164 5 0
164 6 0
164 7 0
164 8 0
164 9 2
164 11 3
164 12 2
164 13 2
165 3 0
165 4 0
165 5 0
165 6 0
165 7 0
165 8 0
165 9 2
165 11 3
165 12 2
165 13 2
166 3 0
166 4 0
166 5 0
166 6 0
166 7 0
166 8 0
166 9 2
166 11 3
166 12 2
166 13 2
167 3 0
167 4 0
167 5 0
167 6 0
167 7 0
167 8 0
167 9 2
167 11 3
167 12 2
167 13 2
168 3 0
168 4 0
168 5 0
168 6 0
168 7 0
168 8 0
168 9 2
168 11 3
168 12 2
168 13 2
169 3 0
169 4 0
169 5 0
169 6 0
169 7 0
169 8 0
169 9 2
169 11 3
169 12 2
169 13 2
170 3 0
170 4 0
170 5 0
170 6 0
170 7 0
170 8 0
170 9 2
170 11 3
170 12 2
170 13 2
171 3 0
171 4 0
171 5 0
171 6 0
171 7 0
171 8 0
171 9 2
171 11 3
171 12 2
171 13 2
172 3 0
172 4 0
172 5 0
172 6 0
172 7 0
172 8 0
172 9 2
172 11 3
172 12 3
172 13 2
173 3 0
173 4 0
173 5 0
173 6 0
173 7 0
173 8 0
173 9 2
173 11 3
173 12 3
173 13 2
174 3 0
174 4 0
174 5 0
174 6 0
174 7 0
174 8 0
174 9 2
174 11 3
174 12 3
174 13 2
175 3 0
175 4 0
175 5 0
175 6 0
175 7 0
175 8 0
175 9 2
175 11 3
175 12 3
175 13 2
176 3 0
176 4 0
176 5 0
176 6 0
176 7 0
176 8 0
176 9 2
176 11 3
176 12 3
176 13 2
177 3 0
177 4 0
177 5 0
177 6 0
177 7 0
177 8 0
177 9 2
177 11 3
177 12 3
177 13 2
178 3 0
178 4 0
178 5 0
178 6 0
178 7 0
178 8 0
178 9 2
178 11 3
178 12 3
178 13 2
179 3 0
179 4 0
179 5 0
179 6 0
179 7 0
179 8 0
179 11 3
179 12 3
180 3 0
180 4 0
180 5 0
180 6 0
180 7 0
180 8 0
180 11 3
180 12 3
181 3 0
181 4 0
181 5 0
181 6 0
181 7 0
181 8 0
181 11 3
181 12 3
182 3 0
182 4 0
182 5 0
182 6 0
182 7 0
182 8 0
182 11 3
182 12 3
183 3 0
183 4 0
183 5 0
183 6 0
183 7 0
183 8 0
183 11 3
183 12 0
184 3 0
184 4 0
184 5 0
184 6 0
184 7 0
184 8 0
184 11 3
184 12 0
185 3 0
185 4 0
185 5 0
185 6 0
185 7 0
185 8 0
185 12 1
186 3 0
186 4 0
186 5 0
186 6 0
186 7 0
186 8 0
186 12 1
187 3 0
187 4 0
187 5 0
187 6 0
187 7 0
187 8 0
187 12 1
188 3 0
188 4 0
188 5 0
188 6 0
188 7 0
188 8 0
188 12 1
189 3 0
189 4 0
189 5 0
189 6 0
189 7 0
189 8 0
189 12 2
190 3 0
190 4 0
190 5 0
190 6 0
190 7 0
190 8 0
191 3 0
191 4 0
191 5 0
191 6 0
191 7 0
191 8 0
192 3 0
192 4 0
192 5 0
192 6 0
192 7 0
192 8 0
193 3 0
193 4 0
193 5 0
193 6 0
193 7 0
193 8 0
194 3 0
194 4 0
194 5 0
194 6 0
194 7 0
194 8 0
195 3 0
195 4 0
195 5 0
195 6 0
195 7 0
195 8 0
196 3 0
196 4 0
196 5 0
196 6 0
196 7 0
196 8 0
197 3 0
197 4 0
197 5 0
197 6 0
197 7 0
197 8 0
198 3 0
198 4 0
198 5 0
198 6 0
198 7 0
198 8 0
199 3 0
199 4 0
199 5 0
199 6 0
199 7 0
199 8 0
200 3 0
200 4 0
200 5 0
200 6 0
200 7 0
200 8 0
201 3 0
201 4 0
201 5 0
201 6 0
201 7 0
201 8 0
202 3 0
202 4 0
202 5 0
202 6 0
202 7 0
202 8 0
203 3 0
203 4 0
203 5 0
203 6 0
203 7 0
203 8 0
204 3 0
204 4 0
204 5 0
204 6 0
204 7 0
204 8 0
205 3 0
205 4 0
205 5 0
205 6 0
205 7 0
205 8 0
206 3 0
206 4 0
206 5 0
206 6 0
206 7 0
206 8 0
207 3 0
207 4 0
207 5 0
207 6 0
207 7 0
207 8 0
208 3 0
208 4 0
208 5 0
208 6 0
208 7 0
208 8 0
209 3 0
209 4 0
209 5 0
209 6 0
209 7 0
209 8 0
210 3 0
210 4 0
210 5 0
210 6 0
210 7 0
210 8 0
211 3 0
211 4 0
211 5 0
211 6 0
211 7 0
211 8 0
212 3 0
212 4 0
212 5 0
212 6 0
212 7 0
212 8 0
213 3 0
213 4 0
213 5 0
213 6 0
213 7 0
213 8 0
214 3 0
214 4 0
214 5 0
214 6 0
214 7 0
214 8 0
215 3 0
215 4 0
215 5 0
215 6 0
215 7 0
215 8 0
216 3 0
216 4 0
216 5 0
216 6 0
216 7 0
216 8 0
217 3 0
217 4 0
217 5 0
217 6 0
217 7 0
217 8 0
218 3 0
218 4 0
218 5 0
218 6 0
218 7 0
218 8 0
219 3 0
219 4 0
219 5 0
219 6 0
219 7 0
219 8 0
220 3 0
220 4 0
220 5 0
220 6 0
220 7 0
220 8 0
221 3 0
221 4 0
221 5 0
221 6 0
221 7 0
221 8 0
222 3 0
222 4 0
222 5 0
222 6 0
222 7 0
222 8 0
223 3 0
223 4 0
223 5 0
223 6 0
223 7 0
223 8 0
224 3 0
224 4 0
224 5 0
224 6 0
224 7 0
224 8 0
225 3 0
225 4 0
225 5 0
225 6 0
225 7 0
225 8 0
226 3 0
226 4 0
226 5 0
226 6 0
226 7 0
226 8 0
227 3 0
227 4 0
227 5 0
227 6 0
227 7 0
227 8 0
228 3 0
228 4 0
228 5 0
228 6 0
228 7 0
228 8 0
229 3 0
229 4 0
229 5 0
229 6 0
229 7 0
229 8 0
230 3 0
230 4 0
230 5 0
230 6 0
230 7 0
230 8 0
231 3 0
231 4 0
231 5 0
231 6 0
231 7 0
231 8 0
232 3 0
232 4 0
232 5 0
232 6 0
232 7 0
232 8 0
233 3 0
233 4 0
233 5 0
233 6 0
233 7 0
233 8 0
234 3 0
234 4 0
234 5 0
234 6 0
234 7 0
234 8 0
235 3 0
235 4 0
235 5 0
235 6 0
235 7 0
235 8 0